-1.464050674438476562e+01
-1.445679111587268650e+01
-1.427307548736060738e+01
-1.408935985884852826e+01
-1.390564423033645092e+01
-1.372192860182437180e+01
-1.353821297331229268e+01
-1.335449734480021355e+01
-1.317078171628813443e+01
-1.298706608777605709e+01
-1.280335045926397797e+01
-1.261963483075189885e+01
-1.243591920223981973e+01
-1.225220357372774060e+01
-1.206848794521566148e+01
-1.188477231670358236e+01
-1.170105668819150502e+01
-1.151734105967942590e+01
-1.133362543116734678e+01
-1.114990980265526765e+01
-1.096619417414319031e+01
-1.078247854563111119e+01
-1.059876291711903207e+01
-1.041504728860695295e+01
-1.023133166009487383e+01
-1.004761603158279470e+01
-9.863900403070715583e+00
-9.680184774558636462e+00
-9.496469146046559118e+00
-9.312753517534479997e+00
-9.129037889022400876e+00
-8.945322260510323531e+00
-8.761606631998244410e+00
-8.577891003486165289e+00
-8.394175374974086168e+00
-8.210459746462007047e+00
-8.026744117949927926e+00
-7.843028489437849693e+00
-7.659312860925770572e+00
-7.475597232413691451e+00
-7.291881603901613218e+00
-7.108165975389534097e+00
-6.924450346877454976e+00
-6.740734718365376743e+00
-6.557019089853298510e+00
-6.373303461341219389e+00
-6.189587832829140268e+00
-6.005872204317061147e+00
-5.822156575804982026e+00
-5.638440947292902905e+00
-5.454725318780825560e+00
-5.271009690268746439e+00
-5.087294061756667318e+00
-4.903578433244588197e+00
-4.719862804732509076e+00
-4.536147176220429955e+00
-4.352431547708352610e+00
-4.168715919196273489e+00
-3.985000290684194368e+00
-3.801284662172115247e+00
-3.617569033660036126e+00
-3.433853405147957005e+00
-3.250137776635879661e+00
-3.066422148123800540e+00
-2.882706519611721419e+00
-2.698990891099642297e+00
-2.515275262587563176e+00
-2.331559634075485832e+00
-2.147844005563406711e+00
-1.964128377051327590e+00
-1.780412748539248469e+00
-1.596697120027169348e+00
-1.412981491515090227e+00
-1.229265863003012882e+00
-1.045550234490933761e+00
-8.618346059788546398e-01
-6.781189774667755188e-01
-4.944033489546963978e-01
-3.106877204426172767e-01
-1.269720919305399320e-01
5.674353658153918900e-02
2.404591650936183100e-01
4.241747936056974311e-01
6.078904221177765521e-01
7.916060506298556732e-01
9.753216791419330178e-01
1.159037307654012139e+00
1.342752936166091260e+00
1.526468564678168605e+00
1.710184193190247726e+00
1.893899821702326847e+00
2.077615450214405968e+00
2.261331078726485089e+00
2.445046707238564210e+00
2.628762335750643331e+00
2.812477964262722452e+00
2.996193592774801573e+00
3.179909221286880694e+00
3.363624849798959815e+00
3.547340478311035383e+00
3.731056106823114504e+00
3.914771735335193625e+00
4.098487363847272746e+00
4.282202992359351867e+00
4.465918620871430988e+00
4.649634249383510110e+00
4.833349877895589231e+00
5.017065506407668352e+00
5.200781134919747473e+00
5.384496763431826594e+00
5.568212391943905715e+00
5.751928020455981283e+00
5.935643648968060404e+00
6.119359277480139525e+00
6.303074905992218646e+00
6.486790534504297767e+00
6.670506163016376888e+00
6.854221791528456009e+00
7.037937420040535130e+00
7.221653048552614251e+00
7.405368677064693372e+00
7.589084305576772493e+00
7.772799934088851614e+00
7.956515562600927183e+00
8.140231191113006304e+00
8.323946819625085425e+00
8.507662448137164546e+00
8.691378076649243667e+00
8.875093705161322788e+00
9.058809333673401909e+00
9.242524962185481030e+00
9.426240590697560151e+00
9.609956219209639272e+00
9.793671847721718393e+00
9.977387476233793961e+00
1.016110310474587308e+01
1.034481873325795220e+01
1.052853436177003132e+01
1.071224999028211045e+01
1.089596561879418957e+01
1.107968124730626869e+01
1.126339687581834781e+01
1.144711250433042693e+01
1.163082813284250605e+01
1.181454376135458517e+01
1.199825938986666429e+01
1.218197501837873986e+01
1.236569064689081898e+01
1.254940627540289810e+01
1.273312190391497722e+01
1.291683753242705635e+01
1.310055316093913547e+01
1.328426878945121459e+01
1.346798441796329371e+01
1.365170004647537283e+01
1.383541567498745195e+01
1.401913130349953107e+01
1.420284693201161019e+01
1.438656256052368576e+01
1.457027818903576488e+01
1.475399381754784400e+01
1.493770944605992312e+01
1.512142507457200225e+01
1.530514070308408137e+01
1.548885633159616049e+01
1.567257196010823961e+01
1.585628758862031873e+01
1.604000321713239785e+01
1.622371884564447697e+01
1.640743447415655254e+01
1.659115010266863166e+01
1.677486573118071078e+01
1.695858135969278990e+01
1.714229698820486902e+01
1.732601261671694814e+01
1.750972824522902727e+01
1.769344387374110283e+01
1.787715950225318551e+01
1.806087513076526108e+01
1.824459075927734375e+01
