-2.184144592285156250e+01
-2.166057516875879685e+01
-2.147970441466603120e+01
-2.129883366057326555e+01
-2.111796290648049990e+01
-2.093709215238773780e+01
-2.075622139829497215e+01
-2.057535064420220650e+01
-2.039447989010944084e+01
-2.021360913601667519e+01
-2.003273838192390954e+01
-1.985186762783114389e+01
-1.967099687373837824e+01
-1.949012611964561259e+01
-1.930925536555285049e+01
-1.912838461146008484e+01
-1.894751385736731919e+01
-1.876664310327455354e+01
-1.858577234918178789e+01
-1.840490159508902224e+01
-1.822403084099625659e+01
-1.804316008690349094e+01
-1.786228933281072528e+01
-1.768141857871795963e+01
-1.750054782462519398e+01
-1.731967707053243188e+01
-1.713880631643966623e+01
-1.695793556234690058e+01
-1.677706480825413493e+01
-1.659619405416136928e+01
-1.641532330006860363e+01
-1.623445254597584153e+01
-1.605358179188307588e+01
-1.587271103779030845e+01
-1.569184028369754458e+01
-1.551096952960477893e+01
-1.533009877551201328e+01
-1.514922802141924763e+01
-1.496835726732648197e+01
-1.478748651323371632e+01
-1.460661575914095245e+01
-1.442574500504818680e+01
-1.424487425095542115e+01
-1.406400349686265727e+01
-1.388313274276989162e+01
-1.370226198867712597e+01
-1.352139123458436032e+01
-1.334052048049159467e+01
-1.315964972639882902e+01
-1.297877897230606514e+01
-1.279790821821329949e+01
-1.261703746412053384e+01
-1.243616671002776819e+01
-1.225529595593500432e+01
-1.207442520184223866e+01
-1.189355444774947301e+01
-1.171268369365670736e+01
-1.153181293956394171e+01
-1.135094218547117784e+01
-1.117007143137841219e+01
-1.098920067728564653e+01
-1.080832992319288088e+01
-1.062745916910011701e+01
-1.044658841500735136e+01
-1.026571766091458571e+01
-1.008484690682182006e+01
-9.903976152729054405e+00
-9.723105398636290531e+00
-9.542234644543524880e+00
-9.361363890450759229e+00
-9.180493136357993578e+00
-8.999622382265229703e+00
-8.818751628172464052e+00
-8.637880874079698401e+00
-8.457010119986932750e+00
-8.276139365894167099e+00
-8.095268611801403225e+00
-7.914397857708637574e+00
-7.733527103615871923e+00
-7.552656349523106272e+00
-7.371785595430342397e+00
-7.190914841337576746e+00
-7.010044087244811095e+00
-6.829173333152045444e+00
-6.648302579059279793e+00
-6.467431824966515919e+00
-6.286561070873750268e+00
-6.105690316780984617e+00
-5.924819562688218966e+00
-5.743948808595455091e+00
-5.563078054502689440e+00
-5.382207300409923789e+00
-5.201336546317158138e+00
-5.020465792224392487e+00
-4.839595038131626836e+00
-4.658724284038861185e+00
-4.477853529946095534e+00
-4.296982775853333436e+00
-4.116112021760567785e+00
-3.935241267667802134e+00
-3.754370513575036483e+00
-3.573499759482270832e+00
-3.392629005389505181e+00
-3.211758251296739530e+00
-3.030887497203973879e+00
-2.850016743111208228e+00
-2.669145989018446130e+00
-2.488275234925680479e+00
-2.307404480832914828e+00
-2.126533726740149177e+00
-1.945662972647383526e+00
-1.764792218554617875e+00
-1.583921464461852224e+00
-1.403050710369086573e+00
-1.222179956276320922e+00
-1.041309202183558824e+00
-8.604384480907931732e-01
-6.795676939980275222e-01
-4.986969399052618712e-01
-3.178261858124962203e-01
-1.369554317197305693e-01
4.391532237303508168e-02
2.247860764658007326e-01
4.056568305585663836e-01
5.865275846513284819e-01
7.673983387440941328e-01
9.482690928368597838e-01
1.129139846929625435e+00
1.310010601022391086e+00
1.490881355115156737e+00
1.671752109207922388e+00
1.852622863300688039e+00
2.033493617393453690e+00
2.214364371486215788e+00
2.395235125578981439e+00
2.576105879671747090e+00
2.756976633764512741e+00
2.937847387857278392e+00
3.118718141950044043e+00
3.299588896042809694e+00
3.480459650135575345e+00
3.661330404228340996e+00
3.842201158321103094e+00
4.023071912413868745e+00
4.203942666506634396e+00
4.384813420599400047e+00
4.565684174692165698e+00
4.746554928784931349e+00
4.927425682877697000e+00
5.108296436970462651e+00
5.289167191063228302e+00
5.470037945155990400e+00
5.650908699248756051e+00
5.831779453341521702e+00
6.012650207434287353e+00
6.193520961527053004e+00
6.374391715619818655e+00
6.555262469712584306e+00
6.736133223805349957e+00
6.917003977898115608e+00
7.097874731990877706e+00
7.278745486083643357e+00
7.459616240176409008e+00
7.640486994269174659e+00
7.821357748361940310e+00
8.002228502454705961e+00
8.183099256547471612e+00
8.363970010640237263e+00
8.544840764733002914e+00
8.725711518825768565e+00
8.906582272918530663e+00
9.087453027011296314e+00
9.268323781104061965e+00
9.449194535196827616e+00
9.630065289289593267e+00
9.810936043382358918e+00
9.991806797475124569e+00
1.017267755156788667e+01
1.035354830566065232e+01
1.053441905975341797e+01
